(kicad_pcb (version 4) (host pcbnew 4.0.3-stable)

  (general
    (links 187)
    (no_connects 182)
    (area 149.924999 61.924999 200.075001 80.075001)
    (thickness 1.6)
    (drawings 7)
    (tracks 0)
    (zones 0)
    (modules 78)
    (nets 63)
  )

  (page A4)
  (layers
    (0 F.Cu signal)
    (31 B.Cu signal)
    (32 B.Adhes user)
    (33 F.Adhes user)
    (34 B.Paste user)
    (35 F.Paste user)
    (36 B.SilkS user)
    (37 F.SilkS user)
    (38 B.Mask user)
    (39 F.Mask user)
    (40 Dwgs.User user)
    (41 Cmts.User user)
    (42 Eco1.User user)
    (43 Eco2.User user)
    (44 Edge.Cuts user)
    (45 Margin user)
    (46 B.CrtYd user)
    (47 F.CrtYd user)
    (48 B.Fab user)
    (49 F.Fab user)
  )

  (setup
    (last_trace_width 0.25)
    (trace_clearance 0.2)
    (zone_clearance 0.508)
    (zone_45_only no)
    (trace_min 0.2)
    (segment_width 0.2)
    (edge_width 0.15)
    (via_size 0.6)
    (via_drill 0.4)
    (via_min_size 0.4)
    (via_min_drill 0.3)
    (uvia_size 0.3)
    (uvia_drill 0.1)
    (uvias_allowed no)
    (uvia_min_size 0.2)
    (uvia_min_drill 0.1)
    (pcb_text_width 0.3)
    (pcb_text_size 1.5 1.5)
    (mod_edge_width 0.15)
    (mod_text_size 1 1)
    (mod_text_width 0.15)
    (pad_size 1.524 1.524)
    (pad_drill 0.762)
    (pad_to_mask_clearance 0.2)
    (aux_axis_origin 0 0)
    (visible_elements FFFFFF7F)
    (pcbplotparams
      (layerselection 0x00030_80000001)
      (usegerberextensions false)
      (excludeedgelayer true)
      (linewidth 0.100000)
      (plotframeref false)
      (viasonmask false)
      (mode 1)
      (useauxorigin false)
      (hpglpennumber 1)
      (hpglpenspeed 20)
      (hpglpendiameter 15)
      (hpglpenoverlay 2)
      (psnegative false)
      (psa4output false)
      (plotreference true)
      (plotvalue true)
      (plotinvisibletext false)
      (padsonsilk false)
      (subtractmaskfromsilk false)
      (outputformat 1)
      (mirror false)
      (drillshape 1)
      (scaleselection 1)
      (outputdirectory ""))
  )

  (net 0 "")
  (net 1 "Net-(C1-Pad1)")
  (net 2 GND)
  (net 3 "Net-(C2-Pad1)")
  (net 4 VCC)
  (net 5 /VR_PA)
  (net 6 "Net-(C6-Pad2)")
  (net 7 "Net-(C7-Pad1)")
  (net 8 "Net-(C9-Pad2)")
  (net 9 "Net-(C10-Pad1)")
  (net 10 "Net-(C10-Pad2)")
  (net 11 "Net-(C11-Pad1)")
  (net 12 3V0)
  (net 13 "Net-(C14-Pad1)")
  (net 14 /RF_OUT)
  (net 15 /SX_RFI)
  (net 16 "Net-(C16-Pad1)")
  (net 17 /SX_RFO)
  (net 18 "Net-(C18-Pad1)")
  (net 19 "Net-(C19-Pad2)")
  (net 20 "Net-(C21-Pad1)")
  (net 21 "Net-(C22-Pad1)")
  (net 22 "Net-(C22-Pad2)")
  (net 23 "Net-(C23-Pad1)")
  (net 24 "Net-(C24-Pad2)")
  (net 25 "Net-(C26-Pad2)")
  (net 26 +5V)
  (net 27 "Net-(C32-Pad2)")
  (net 28 /RF_IN)
  (net 29 "Net-(C33-Pad2)")
  (net 30 "Net-(C34-Pad1)")
  (net 31 "Net-(C36-Pad2)")
  (net 32 "Net-(D1-Pad1)")
  (net 33 "Net-(L7-Pad2)")
  (net 34 "Net-(L8-Pad2)")
  (net 35 "Net-(L9-Pad2)")
  (net 36 "Net-(L12-Pad1)")
  (net 37 /LORA_~RST)
  (net 38 /LORA_DIO1)
  (net 39 /LORA_DIO3)
  (net 40 /LORA_DIO5)
  (net 41 /LORA_MISO)
  (net 42 /LORA_~CS)
  (net 43 /LORA_DIO0)
  (net 44 /LORA_DIO2)
  (net 45 /LORA_DIO4)
  (net 46 /LORA_SCK)
  (net 47 /LORA_MOSI)
  (net 48 /RFI_LF)
  (net 49 /RFI_HF)
  (net 50 /RFO_LF)
  (net 51 /RFO_HF)
  (net 52 /SW_CTRL)
  (net 53 "Net-(R13-Pad2)")
  (net 54 "Net-(R14-Pad2)")
  (net 55 "Net-(R16-Pad1)")
  (net 56 "Net-(R17-Pad2)")
  (net 57 "Net-(R18-Pad2)")
  (net 58 "Net-(U3-Pad6)")
  (net 59 "Net-(U3-Pad27)")
  (net 60 "Net-(U5-Pad1)")
  (net 61 "Net-(U6-Pad6)")
  (net 62 "Net-(R12-Pad1)")

  (net_class Default "This is the default net class."
    (clearance 0.2)
    (trace_width 0.25)
    (via_dia 0.6)
    (via_drill 0.4)
    (uvia_dia 0.3)
    (uvia_drill 0.1)
    (add_net +5V)
    (add_net /LORA_DIO0)
    (add_net /LORA_DIO1)
    (add_net /LORA_DIO2)
    (add_net /LORA_DIO3)
    (add_net /LORA_DIO4)
    (add_net /LORA_DIO5)
    (add_net /LORA_MISO)
    (add_net /LORA_MOSI)
    (add_net /LORA_SCK)
    (add_net /LORA_~CS)
    (add_net /LORA_~RST)
    (add_net /RFI_HF)
    (add_net /RFI_LF)
    (add_net /RFO_HF)
    (add_net /RFO_LF)
    (add_net /RF_IN)
    (add_net /RF_OUT)
    (add_net /SW_CTRL)
    (add_net /SX_RFI)
    (add_net /SX_RFO)
    (add_net /VR_PA)
    (add_net 3V0)
    (add_net GND)
    (add_net "Net-(C1-Pad1)")
    (add_net "Net-(C10-Pad1)")
    (add_net "Net-(C10-Pad2)")
    (add_net "Net-(C11-Pad1)")
    (add_net "Net-(C14-Pad1)")
    (add_net "Net-(C16-Pad1)")
    (add_net "Net-(C18-Pad1)")
    (add_net "Net-(C19-Pad2)")
    (add_net "Net-(C2-Pad1)")
    (add_net "Net-(C21-Pad1)")
    (add_net "Net-(C22-Pad1)")
    (add_net "Net-(C22-Pad2)")
    (add_net "Net-(C23-Pad1)")
    (add_net "Net-(C24-Pad2)")
    (add_net "Net-(C26-Pad2)")
    (add_net "Net-(C32-Pad2)")
    (add_net "Net-(C33-Pad2)")
    (add_net "Net-(C34-Pad1)")
    (add_net "Net-(C36-Pad2)")
    (add_net "Net-(C6-Pad2)")
    (add_net "Net-(C7-Pad1)")
    (add_net "Net-(C9-Pad2)")
    (add_net "Net-(D1-Pad1)")
    (add_net "Net-(L12-Pad1)")
    (add_net "Net-(L7-Pad2)")
    (add_net "Net-(L8-Pad2)")
    (add_net "Net-(L9-Pad2)")
    (add_net "Net-(R12-Pad1)")
    (add_net "Net-(R13-Pad2)")
    (add_net "Net-(R14-Pad2)")
    (add_net "Net-(R16-Pad1)")
    (add_net "Net-(R17-Pad2)")
    (add_net "Net-(R18-Pad2)")
    (add_net "Net-(U3-Pad27)")
    (add_net "Net-(U3-Pad6)")
    (add_net "Net-(U5-Pad1)")
    (add_net "Net-(U6-Pad6)")
    (add_net VCC)
  )

  (module Capacitors_SMD:C_0402 (layer B.Cu) (tedit 5415D599) (tstamp 57D92BB0)
    (at 164.2 66.45 270)
    (descr "Capacitor SMD 0402, reflow soldering, AVX (see smccp.pdf)")
    (tags "capacitor 0402")
    (path /57D91B48)
    (attr smd)
    (fp_text reference C1 (at 0 1.7 270) (layer B.SilkS)
      (effects (font (size 1 1) (thickness 0.15)) (justify mirror))
    )
    (fp_text value 100n (at 0 -1.7 270) (layer B.Fab)
      (effects (font (size 1 1) (thickness 0.15)) (justify mirror))
    )
    (fp_line (start -1.15 0.6) (end 1.15 0.6) (layer B.CrtYd) (width 0.05))
    (fp_line (start -1.15 -0.6) (end 1.15 -0.6) (layer B.CrtYd) (width 0.05))
    (fp_line (start -1.15 0.6) (end -1.15 -0.6) (layer B.CrtYd) (width 0.05))
    (fp_line (start 1.15 0.6) (end 1.15 -0.6) (layer B.CrtYd) (width 0.05))
    (fp_line (start 0.25 0.475) (end -0.25 0.475) (layer B.SilkS) (width 0.15))
    (fp_line (start -0.25 -0.475) (end 0.25 -0.475) (layer B.SilkS) (width 0.15))
    (pad 1 smd rect (at -0.55 0 270) (size 0.6 0.5) (layers B.Cu B.Paste B.Mask)
      (net 1 "Net-(C1-Pad1)"))
    (pad 2 smd rect (at 0.55 0 270) (size 0.6 0.5) (layers B.Cu B.Paste B.Mask)
      (net 2 GND))
    (model Capacitors_SMD.3dshapes/C_0402.wrl
      (at (xyz 0 0 0))
      (scale (xyz 1 1 1))
      (rotate (xyz 0 0 0))
    )
  )

  (module Capacitors_SMD:C_0402 (layer B.Cu) (tedit 5415D599) (tstamp 57D92BB6)
    (at 159.9 62.9 180)
    (descr "Capacitor SMD 0402, reflow soldering, AVX (see smccp.pdf)")
    (tags "capacitor 0402")
    (path /57D91397)
    (attr smd)
    (fp_text reference C2 (at 0 1.7 180) (layer B.SilkS)
      (effects (font (size 1 1) (thickness 0.15)) (justify mirror))
    )
    (fp_text value 100n (at 0 -1.7 180) (layer B.Fab)
      (effects (font (size 1 1) (thickness 0.15)) (justify mirror))
    )
    (fp_line (start -1.15 0.6) (end 1.15 0.6) (layer B.CrtYd) (width 0.05))
    (fp_line (start -1.15 -0.6) (end 1.15 -0.6) (layer B.CrtYd) (width 0.05))
    (fp_line (start -1.15 0.6) (end -1.15 -0.6) (layer B.CrtYd) (width 0.05))
    (fp_line (start 1.15 0.6) (end 1.15 -0.6) (layer B.CrtYd) (width 0.05))
    (fp_line (start 0.25 0.475) (end -0.25 0.475) (layer B.SilkS) (width 0.15))
    (fp_line (start -0.25 -0.475) (end 0.25 -0.475) (layer B.SilkS) (width 0.15))
    (pad 1 smd rect (at -0.55 0 180) (size 0.6 0.5) (layers B.Cu B.Paste B.Mask)
      (net 3 "Net-(C2-Pad1)"))
    (pad 2 smd rect (at 0.55 0 180) (size 0.6 0.5) (layers B.Cu B.Paste B.Mask)
      (net 2 GND))
    (model Capacitors_SMD.3dshapes/C_0402.wrl
      (at (xyz 0 0 0))
      (scale (xyz 1 1 1))
      (rotate (xyz 0 0 0))
    )
  )

  (module Capacitors_SMD:C_0402 (layer F.Cu) (tedit 5415D599) (tstamp 57D92BBC)
    (at 159.75 66.4 90)
    (descr "Capacitor SMD 0402, reflow soldering, AVX (see smccp.pdf)")
    (tags "capacitor 0402")
    (path /57D90260)
    (attr smd)
    (fp_text reference C3 (at 0 -1.7 90) (layer F.SilkS)
      (effects (font (size 1 1) (thickness 0.15)))
    )
    (fp_text value 100n (at 0 1.7 90) (layer F.Fab)
      (effects (font (size 1 1) (thickness 0.15)))
    )
    (fp_line (start -1.15 -0.6) (end 1.15 -0.6) (layer F.CrtYd) (width 0.05))
    (fp_line (start -1.15 0.6) (end 1.15 0.6) (layer F.CrtYd) (width 0.05))
    (fp_line (start -1.15 -0.6) (end -1.15 0.6) (layer F.CrtYd) (width 0.05))
    (fp_line (start 1.15 -0.6) (end 1.15 0.6) (layer F.CrtYd) (width 0.05))
    (fp_line (start 0.25 -0.475) (end -0.25 -0.475) (layer F.SilkS) (width 0.15))
    (fp_line (start -0.25 0.475) (end 0.25 0.475) (layer F.SilkS) (width 0.15))
    (pad 1 smd rect (at -0.55 0 90) (size 0.6 0.5) (layers F.Cu F.Paste F.Mask)
      (net 4 VCC))
    (pad 2 smd rect (at 0.55 0 90) (size 0.6 0.5) (layers F.Cu F.Paste F.Mask)
      (net 2 GND))
    (model Capacitors_SMD.3dshapes/C_0402.wrl
      (at (xyz 0 0 0))
      (scale (xyz 1 1 1))
      (rotate (xyz 0 0 0))
    )
  )

  (module Capacitors_SMD:C_0402 (layer F.Cu) (tedit 5415D599) (tstamp 57D92BC2)
    (at 164.35 70.4 270)
    (descr "Capacitor SMD 0402, reflow soldering, AVX (see smccp.pdf)")
    (tags "capacitor 0402")
    (path /57D90540)
    (attr smd)
    (fp_text reference C4 (at 0 -1.7 270) (layer F.SilkS)
      (effects (font (size 1 1) (thickness 0.15)))
    )
    (fp_text value 10n (at 0 1.7 270) (layer F.Fab)
      (effects (font (size 1 1) (thickness 0.15)))
    )
    (fp_line (start -1.15 -0.6) (end 1.15 -0.6) (layer F.CrtYd) (width 0.05))
    (fp_line (start -1.15 0.6) (end 1.15 0.6) (layer F.CrtYd) (width 0.05))
    (fp_line (start -1.15 -0.6) (end -1.15 0.6) (layer F.CrtYd) (width 0.05))
    (fp_line (start 1.15 -0.6) (end 1.15 0.6) (layer F.CrtYd) (width 0.05))
    (fp_line (start 0.25 -0.475) (end -0.25 -0.475) (layer F.SilkS) (width 0.15))
    (fp_line (start -0.25 0.475) (end 0.25 0.475) (layer F.SilkS) (width 0.15))
    (pad 1 smd rect (at -0.55 0 270) (size 0.6 0.5) (layers F.Cu F.Paste F.Mask)
      (net 2 GND))
    (pad 2 smd rect (at 0.55 0 270) (size 0.6 0.5) (layers F.Cu F.Paste F.Mask)
      (net 5 /VR_PA))
    (model Capacitors_SMD.3dshapes/C_0402.wrl
      (at (xyz 0 0 0))
      (scale (xyz 1 1 1))
      (rotate (xyz 0 0 0))
    )
  )

  (module Capacitors_SMD:C_0402 (layer F.Cu) (tedit 5415D599) (tstamp 57D92BC8)
    (at 156.55 75.8)
    (descr "Capacitor SMD 0402, reflow soldering, AVX (see smccp.pdf)")
    (tags "capacitor 0402")
    (path /57D9022A)
    (attr smd)
    (fp_text reference C5 (at 0 -1.7) (layer F.SilkS)
      (effects (font (size 1 1) (thickness 0.15)))
    )
    (fp_text value 100n (at 0 1.7) (layer F.Fab)
      (effects (font (size 1 1) (thickness 0.15)))
    )
    (fp_line (start -1.15 -0.6) (end 1.15 -0.6) (layer F.CrtYd) (width 0.05))
    (fp_line (start -1.15 0.6) (end 1.15 0.6) (layer F.CrtYd) (width 0.05))
    (fp_line (start -1.15 -0.6) (end -1.15 0.6) (layer F.CrtYd) (width 0.05))
    (fp_line (start 1.15 -0.6) (end 1.15 0.6) (layer F.CrtYd) (width 0.05))
    (fp_line (start 0.25 -0.475) (end -0.25 -0.475) (layer F.SilkS) (width 0.15))
    (fp_line (start -0.25 0.475) (end 0.25 0.475) (layer F.SilkS) (width 0.15))
    (pad 1 smd rect (at -0.55 0) (size 0.6 0.5) (layers F.Cu F.Paste F.Mask)
      (net 4 VCC))
    (pad 2 smd rect (at 0.55 0) (size 0.6 0.5) (layers F.Cu F.Paste F.Mask)
      (net 2 GND))
    (model Capacitors_SMD.3dshapes/C_0402.wrl
      (at (xyz 0 0 0))
      (scale (xyz 1 1 1))
      (rotate (xyz 0 0 0))
    )
  )

  (module Capacitors_SMD:C_0402 (layer F.Cu) (tedit 5415D599) (tstamp 57D92BCE)
    (at 158.45 66.4 270)
    (descr "Capacitor SMD 0402, reflow soldering, AVX (see smccp.pdf)")
    (tags "capacitor 0402")
    (path /57D90448)
    (attr smd)
    (fp_text reference C6 (at 0 -1.7 270) (layer F.SilkS)
      (effects (font (size 1 1) (thickness 0.15)))
    )
    (fp_text value 100n (at 0 1.7 270) (layer F.Fab)
      (effects (font (size 1 1) (thickness 0.15)))
    )
    (fp_line (start -1.15 -0.6) (end 1.15 -0.6) (layer F.CrtYd) (width 0.05))
    (fp_line (start -1.15 0.6) (end 1.15 0.6) (layer F.CrtYd) (width 0.05))
    (fp_line (start -1.15 -0.6) (end -1.15 0.6) (layer F.CrtYd) (width 0.05))
    (fp_line (start 1.15 -0.6) (end 1.15 0.6) (layer F.CrtYd) (width 0.05))
    (fp_line (start 0.25 -0.475) (end -0.25 -0.475) (layer F.SilkS) (width 0.15))
    (fp_line (start -0.25 0.475) (end 0.25 0.475) (layer F.SilkS) (width 0.15))
    (pad 1 smd rect (at -0.55 0 270) (size 0.6 0.5) (layers F.Cu F.Paste F.Mask)
      (net 2 GND))
    (pad 2 smd rect (at 0.55 0 270) (size 0.6 0.5) (layers F.Cu F.Paste F.Mask)
      (net 6 "Net-(C6-Pad2)"))
    (model Capacitors_SMD.3dshapes/C_0402.wrl
      (at (xyz 0 0 0))
      (scale (xyz 1 1 1))
      (rotate (xyz 0 0 0))
    )
  )

  (module Capacitors_SMD:C_0603_HandSoldering (layer F.Cu) (tedit 541A9B4D) (tstamp 57D92BD4)
    (at 171.4 63)
    (descr "Capacitor SMD 0603, hand soldering")
    (tags "capacitor 0603")
    (path /57DC5727)
    (attr smd)
    (fp_text reference C7 (at 0 -1.9) (layer F.SilkS)
      (effects (font (size 1 1) (thickness 0.15)))
    )
    (fp_text value 1µ (at 0 1.9) (layer F.Fab)
      (effects (font (size 1 1) (thickness 0.15)))
    )
    (fp_line (start -1.85 -0.75) (end 1.85 -0.75) (layer F.CrtYd) (width 0.05))
    (fp_line (start -1.85 0.75) (end 1.85 0.75) (layer F.CrtYd) (width 0.05))
    (fp_line (start -1.85 -0.75) (end -1.85 0.75) (layer F.CrtYd) (width 0.05))
    (fp_line (start 1.85 -0.75) (end 1.85 0.75) (layer F.CrtYd) (width 0.05))
    (fp_line (start -0.35 -0.6) (end 0.35 -0.6) (layer F.SilkS) (width 0.15))
    (fp_line (start 0.35 0.6) (end -0.35 0.6) (layer F.SilkS) (width 0.15))
    (pad 1 smd rect (at -0.95 0) (size 1.2 0.75) (layers F.Cu F.Paste F.Mask)
      (net 7 "Net-(C7-Pad1)"))
    (pad 2 smd rect (at 0.95 0) (size 1.2 0.75) (layers F.Cu F.Paste F.Mask)
      (net 2 GND))
    (model Capacitors_SMD.3dshapes/C_0603_HandSoldering.wrl
      (at (xyz 0 0 0))
      (scale (xyz 1 1 1))
      (rotate (xyz 0 0 0))
    )
  )

  (module Capacitors_SMD:C_0402 (layer F.Cu) (tedit 5415D599) (tstamp 57D92BDA)
    (at 164.35 72.25)
    (descr "Capacitor SMD 0402, reflow soldering, AVX (see smccp.pdf)")
    (tags "capacitor 0402")
    (path /57D901F1)
    (attr smd)
    (fp_text reference C8 (at 0 -1.7) (layer F.SilkS)
      (effects (font (size 1 1) (thickness 0.15)))
    )
    (fp_text value 100n (at 0 1.7) (layer F.Fab)
      (effects (font (size 1 1) (thickness 0.15)))
    )
    (fp_line (start -1.15 -0.6) (end 1.15 -0.6) (layer F.CrtYd) (width 0.05))
    (fp_line (start -1.15 0.6) (end 1.15 0.6) (layer F.CrtYd) (width 0.05))
    (fp_line (start -1.15 -0.6) (end -1.15 0.6) (layer F.CrtYd) (width 0.05))
    (fp_line (start 1.15 -0.6) (end 1.15 0.6) (layer F.CrtYd) (width 0.05))
    (fp_line (start 0.25 -0.475) (end -0.25 -0.475) (layer F.SilkS) (width 0.15))
    (fp_line (start -0.25 0.475) (end 0.25 0.475) (layer F.SilkS) (width 0.15))
    (pad 1 smd rect (at -0.55 0) (size 0.6 0.5) (layers F.Cu F.Paste F.Mask)
      (net 4 VCC))
    (pad 2 smd rect (at 0.55 0) (size 0.6 0.5) (layers F.Cu F.Paste F.Mask)
      (net 2 GND))
    (model Capacitors_SMD.3dshapes/C_0402.wrl
      (at (xyz 0 0 0))
      (scale (xyz 1 1 1))
      (rotate (xyz 0 0 0))
    )
  )

  (module Capacitors_SMD:C_0402 (layer F.Cu) (tedit 5415D599) (tstamp 57D92BE0)
    (at 161.1 66.4 270)
    (descr "Capacitor SMD 0402, reflow soldering, AVX (see smccp.pdf)")
    (tags "capacitor 0402")
    (path /57D90400)
    (attr smd)
    (fp_text reference C9 (at 0 -1.7 270) (layer F.SilkS)
      (effects (font (size 1 1) (thickness 0.15)))
    )
    (fp_text value 100n (at 0 1.7 270) (layer F.Fab)
      (effects (font (size 1 1) (thickness 0.15)))
    )
    (fp_line (start -1.15 -0.6) (end 1.15 -0.6) (layer F.CrtYd) (width 0.05))
    (fp_line (start -1.15 0.6) (end 1.15 0.6) (layer F.CrtYd) (width 0.05))
    (fp_line (start -1.15 -0.6) (end -1.15 0.6) (layer F.CrtYd) (width 0.05))
    (fp_line (start 1.15 -0.6) (end 1.15 0.6) (layer F.CrtYd) (width 0.05))
    (fp_line (start 0.25 -0.475) (end -0.25 -0.475) (layer F.SilkS) (width 0.15))
    (fp_line (start -0.25 0.475) (end 0.25 0.475) (layer F.SilkS) (width 0.15))
    (pad 1 smd rect (at -0.55 0 270) (size 0.6 0.5) (layers F.Cu F.Paste F.Mask)
      (net 2 GND))
    (pad 2 smd rect (at 0.55 0 270) (size 0.6 0.5) (layers F.Cu F.Paste F.Mask)
      (net 8 "Net-(C9-Pad2)"))
    (model Capacitors_SMD.3dshapes/C_0402.wrl
      (at (xyz 0 0 0))
      (scale (xyz 1 1 1))
      (rotate (xyz 0 0 0))
    )
  )

  (module Capacitors_SMD:C_0402 (layer B.Cu) (tedit 5415D599) (tstamp 57D92BE6)
    (at 156 65.75 90)
    (descr "Capacitor SMD 0402, reflow soldering, AVX (see smccp.pdf)")
    (tags "capacitor 0402")
    (path /57D91020)
    (attr smd)
    (fp_text reference C10 (at 0 1.7 90) (layer B.SilkS)
      (effects (font (size 1 1) (thickness 0.15)) (justify mirror))
    )
    (fp_text value 1n (at 0 -1.7 90) (layer B.Fab)
      (effects (font (size 1 1) (thickness 0.15)) (justify mirror))
    )
    (fp_line (start -1.15 0.6) (end 1.15 0.6) (layer B.CrtYd) (width 0.05))
    (fp_line (start -1.15 -0.6) (end 1.15 -0.6) (layer B.CrtYd) (width 0.05))
    (fp_line (start -1.15 0.6) (end -1.15 -0.6) (layer B.CrtYd) (width 0.05))
    (fp_line (start 1.15 0.6) (end 1.15 -0.6) (layer B.CrtYd) (width 0.05))
    (fp_line (start 0.25 0.475) (end -0.25 0.475) (layer B.SilkS) (width 0.15))
    (fp_line (start -0.25 -0.475) (end 0.25 -0.475) (layer B.SilkS) (width 0.15))
    (pad 1 smd rect (at -0.55 0 90) (size 0.6 0.5) (layers B.Cu B.Paste B.Mask)
      (net 9 "Net-(C10-Pad1)"))
    (pad 2 smd rect (at 0.55 0 90) (size 0.6 0.5) (layers B.Cu B.Paste B.Mask)
      (net 10 "Net-(C10-Pad2)"))
    (model Capacitors_SMD.3dshapes/C_0402.wrl
      (at (xyz 0 0 0))
      (scale (xyz 1 1 1))
      (rotate (xyz 0 0 0))
    )
  )

  (module Capacitors_SMD:C_0402 (layer F.Cu) (tedit 5415D599) (tstamp 57D92BEC)
    (at 174.7 66.3)
    (descr "Capacitor SMD 0402, reflow soldering, AVX (see smccp.pdf)")
    (tags "capacitor 0402")
    (path /57DC492C)
    (attr smd)
    (fp_text reference C11 (at 0 -1.7) (layer F.SilkS)
      (effects (font (size 1 1) (thickness 0.15)))
    )
    (fp_text value 1n (at 0 1.7) (layer F.Fab)
      (effects (font (size 1 1) (thickness 0.15)))
    )
    (fp_line (start -1.15 -0.6) (end 1.15 -0.6) (layer F.CrtYd) (width 0.05))
    (fp_line (start -1.15 0.6) (end 1.15 0.6) (layer F.CrtYd) (width 0.05))
    (fp_line (start -1.15 -0.6) (end -1.15 0.6) (layer F.CrtYd) (width 0.05))
    (fp_line (start 1.15 -0.6) (end 1.15 0.6) (layer F.CrtYd) (width 0.05))
    (fp_line (start 0.25 -0.475) (end -0.25 -0.475) (layer F.SilkS) (width 0.15))
    (fp_line (start -0.25 0.475) (end 0.25 0.475) (layer F.SilkS) (width 0.15))
    (pad 1 smd rect (at -0.55 0) (size 0.6 0.5) (layers F.Cu F.Paste F.Mask)
      (net 11 "Net-(C11-Pad1)"))
    (pad 2 smd rect (at 0.55 0) (size 0.6 0.5) (layers F.Cu F.Paste F.Mask)
      (net 2 GND))
    (model Capacitors_SMD.3dshapes/C_0402.wrl
      (at (xyz 0 0 0))
      (scale (xyz 1 1 1))
      (rotate (xyz 0 0 0))
    )
  )

  (module Capacitors_SMD:C_0603 (layer F.Cu) (tedit 5415D631) (tstamp 57D92BF2)
    (at 174.95 64.55)
    (descr "Capacitor SMD 0603, reflow soldering, AVX (see smccp.pdf)")
    (tags "capacitor 0603")
    (path /57DC4059)
    (attr smd)
    (fp_text reference C12 (at 0 -1.9) (layer F.SilkS)
      (effects (font (size 1 1) (thickness 0.15)))
    )
    (fp_text value 1µ (at 0 1.9) (layer F.Fab)
      (effects (font (size 1 1) (thickness 0.15)))
    )
    (fp_line (start -1.45 -0.75) (end 1.45 -0.75) (layer F.CrtYd) (width 0.05))
    (fp_line (start -1.45 0.75) (end 1.45 0.75) (layer F.CrtYd) (width 0.05))
    (fp_line (start -1.45 -0.75) (end -1.45 0.75) (layer F.CrtYd) (width 0.05))
    (fp_line (start 1.45 -0.75) (end 1.45 0.75) (layer F.CrtYd) (width 0.05))
    (fp_line (start -0.35 -0.6) (end 0.35 -0.6) (layer F.SilkS) (width 0.15))
    (fp_line (start 0.35 0.6) (end -0.35 0.6) (layer F.SilkS) (width 0.15))
    (pad 1 smd rect (at -0.75 0) (size 0.8 0.75) (layers F.Cu F.Paste F.Mask)
      (net 12 3V0))
    (pad 2 smd rect (at 0.75 0) (size 0.8 0.75) (layers F.Cu F.Paste F.Mask)
      (net 2 GND))
    (model Capacitors_SMD.3dshapes/C_0603.wrl
      (at (xyz 0 0 0))
      (scale (xyz 1 1 1))
      (rotate (xyz 0 0 0))
    )
  )

  (module Capacitors_SMD:C_0805 (layer F.Cu) (tedit 5415D6EA) (tstamp 57D92BF8)
    (at 178.9 78.5)
    (descr "Capacitor SMD 0805, reflow soldering, AVX (see smccp.pdf)")
    (tags "capacitor 0805")
    (path /57DC435E)
    (attr smd)
    (fp_text reference C13 (at 0 -2.1) (layer F.SilkS)
      (effects (font (size 1 1) (thickness 0.15)))
    )
    (fp_text value 10µ (at 0 2.1) (layer F.Fab)
      (effects (font (size 1 1) (thickness 0.15)))
    )
    (fp_line (start -1.8 -1) (end 1.8 -1) (layer F.CrtYd) (width 0.05))
    (fp_line (start -1.8 1) (end 1.8 1) (layer F.CrtYd) (width 0.05))
    (fp_line (start -1.8 -1) (end -1.8 1) (layer F.CrtYd) (width 0.05))
    (fp_line (start 1.8 -1) (end 1.8 1) (layer F.CrtYd) (width 0.05))
    (fp_line (start 0.5 -0.85) (end -0.5 -0.85) (layer F.SilkS) (width 0.15))
    (fp_line (start -0.5 0.85) (end 0.5 0.85) (layer F.SilkS) (width 0.15))
    (pad 1 smd rect (at -1 0) (size 1 1.25) (layers F.Cu F.Paste F.Mask)
      (net 12 3V0))
    (pad 2 smd rect (at 1 0) (size 1 1.25) (layers F.Cu F.Paste F.Mask)
      (net 2 GND))
    (model Capacitors_SMD.3dshapes/C_0805.wrl
      (at (xyz 0 0 0))
      (scale (xyz 1 1 1))
      (rotate (xyz 0 0 0))
    )
  )

  (module Capacitors_SMD:C_0402 (layer B.Cu) (tedit 5415D599) (tstamp 57D92BFE)
    (at 187.78 73.39 90)
    (descr "Capacitor SMD 0402, reflow soldering, AVX (see smccp.pdf)")
    (tags "capacitor 0402")
    (path /57DBE62B)
    (attr smd)
    (fp_text reference C14 (at 0 1.7 90) (layer B.SilkS)
      (effects (font (size 1 1) (thickness 0.15)) (justify mirror))
    )
    (fp_text value 100p (at 0 -1.7 90) (layer B.Fab)
      (effects (font (size 1 1) (thickness 0.15)) (justify mirror))
    )
    (fp_line (start -1.15 0.6) (end 1.15 0.6) (layer B.CrtYd) (width 0.05))
    (fp_line (start -1.15 -0.6) (end 1.15 -0.6) (layer B.CrtYd) (width 0.05))
    (fp_line (start -1.15 0.6) (end -1.15 -0.6) (layer B.CrtYd) (width 0.05))
    (fp_line (start 1.15 0.6) (end 1.15 -0.6) (layer B.CrtYd) (width 0.05))
    (fp_line (start 0.25 0.475) (end -0.25 0.475) (layer B.SilkS) (width 0.15))
    (fp_line (start -0.25 -0.475) (end 0.25 -0.475) (layer B.SilkS) (width 0.15))
    (pad 1 smd rect (at -0.55 0 90) (size 0.6 0.5) (layers B.Cu B.Paste B.Mask)
      (net 13 "Net-(C14-Pad1)"))
    (pad 2 smd rect (at 0.55 0 90) (size 0.6 0.5) (layers B.Cu B.Paste B.Mask)
      (net 14 /RF_OUT))
    (model Capacitors_SMD.3dshapes/C_0402.wrl
      (at (xyz 0 0 0))
      (scale (xyz 1 1 1))
      (rotate (xyz 0 0 0))
    )
  )

  (module Capacitors_SMD:C_0402 (layer F.Cu) (tedit 5415D599) (tstamp 57D92C04)
    (at 163.8 75.9)
    (descr "Capacitor SMD 0402, reflow soldering, AVX (see smccp.pdf)")
    (tags "capacitor 0402")
    (path /57D9298B)
    (attr smd)
    (fp_text reference C15 (at 0 -1.7) (layer F.SilkS)
      (effects (font (size 1 1) (thickness 0.15)))
    )
    (fp_text value DNP (at 0 1.7) (layer F.Fab)
      (effects (font (size 1 1) (thickness 0.15)))
    )
    (fp_line (start -1.15 -0.6) (end 1.15 -0.6) (layer F.CrtYd) (width 0.05))
    (fp_line (start -1.15 0.6) (end 1.15 0.6) (layer F.CrtYd) (width 0.05))
    (fp_line (start -1.15 -0.6) (end -1.15 0.6) (layer F.CrtYd) (width 0.05))
    (fp_line (start 1.15 -0.6) (end 1.15 0.6) (layer F.CrtYd) (width 0.05))
    (fp_line (start 0.25 -0.475) (end -0.25 -0.475) (layer F.SilkS) (width 0.15))
    (fp_line (start -0.25 0.475) (end 0.25 0.475) (layer F.SilkS) (width 0.15))
    (pad 1 smd rect (at -0.55 0) (size 0.6 0.5) (layers F.Cu F.Paste F.Mask)
      (net 15 /SX_RFI))
    (pad 2 smd rect (at 0.55 0) (size 0.6 0.5) (layers F.Cu F.Paste F.Mask)
      (net 2 GND))
    (model Capacitors_SMD.3dshapes/C_0402.wrl
      (at (xyz 0 0 0))
      (scale (xyz 1 1 1))
      (rotate (xyz 0 0 0))
    )
  )

  (module Capacitors_SMD:C_0402 (layer F.Cu) (tedit 5415D599) (tstamp 57D92C0A)
    (at 159.9 79.2 180)
    (descr "Capacitor SMD 0402, reflow soldering, AVX (see smccp.pdf)")
    (tags "capacitor 0402")
    (path /57D92CDF)
    (attr smd)
    (fp_text reference C16 (at 0 -1.7 180) (layer F.SilkS)
      (effects (font (size 1 1) (thickness 0.15)))
    )
    (fp_text value 3.3pF (at 0 1.7 180) (layer F.Fab)
      (effects (font (size 1 1) (thickness 0.15)))
    )
    (fp_line (start -1.15 -0.6) (end 1.15 -0.6) (layer F.CrtYd) (width 0.05))
    (fp_line (start -1.15 0.6) (end 1.15 0.6) (layer F.CrtYd) (width 0.05))
    (fp_line (start -1.15 -0.6) (end -1.15 0.6) (layer F.CrtYd) (width 0.05))
    (fp_line (start 1.15 -0.6) (end 1.15 0.6) (layer F.CrtYd) (width 0.05))
    (fp_line (start 0.25 -0.475) (end -0.25 -0.475) (layer F.SilkS) (width 0.15))
    (fp_line (start -0.25 0.475) (end 0.25 0.475) (layer F.SilkS) (width 0.15))
    (pad 1 smd rect (at -0.55 0 180) (size 0.6 0.5) (layers F.Cu F.Paste F.Mask)
      (net 16 "Net-(C16-Pad1)"))
    (pad 2 smd rect (at 0.55 0 180) (size 0.6 0.5) (layers F.Cu F.Paste F.Mask)
      (net 2 GND))
    (model Capacitors_SMD.3dshapes/C_0402.wrl
      (at (xyz 0 0 0))
      (scale (xyz 1 1 1))
      (rotate (xyz 0 0 0))
    )
  )

  (module Capacitors_SMD:C_0402 (layer F.Cu) (tedit 5415D599) (tstamp 57D92C10)
    (at 166.6 74.7)
    (descr "Capacitor SMD 0402, reflow soldering, AVX (see smccp.pdf)")
    (tags "capacitor 0402")
    (path /57D9AC4A)
    (attr smd)
    (fp_text reference C17 (at 0 -1.7) (layer F.SilkS)
      (effects (font (size 1 1) (thickness 0.15)))
    )
    (fp_text value 1.5pF (at 0 1.7) (layer F.Fab)
      (effects (font (size 1 1) (thickness 0.15)))
    )
    (fp_line (start -1.15 -0.6) (end 1.15 -0.6) (layer F.CrtYd) (width 0.05))
    (fp_line (start -1.15 0.6) (end 1.15 0.6) (layer F.CrtYd) (width 0.05))
    (fp_line (start -1.15 -0.6) (end -1.15 0.6) (layer F.CrtYd) (width 0.05))
    (fp_line (start 1.15 -0.6) (end 1.15 0.6) (layer F.CrtYd) (width 0.05))
    (fp_line (start 0.25 -0.475) (end -0.25 -0.475) (layer F.SilkS) (width 0.15))
    (fp_line (start -0.25 0.475) (end 0.25 0.475) (layer F.SilkS) (width 0.15))
    (pad 1 smd rect (at -0.55 0) (size 0.6 0.5) (layers F.Cu F.Paste F.Mask)
      (net 17 /SX_RFO))
    (pad 2 smd rect (at 0.55 0) (size 0.6 0.5) (layers F.Cu F.Paste F.Mask)
      (net 2 GND))
    (model Capacitors_SMD.3dshapes/C_0402.wrl
      (at (xyz 0 0 0))
      (scale (xyz 1 1 1))
      (rotate (xyz 0 0 0))
    )
  )

  (module Capacitors_SMD:C_0402 (layer F.Cu) (tedit 5415D599) (tstamp 57D92C16)
    (at 162.6 79.2 180)
    (descr "Capacitor SMD 0402, reflow soldering, AVX (see smccp.pdf)")
    (tags "capacitor 0402")
    (path /57D93188)
    (attr smd)
    (fp_text reference C18 (at 0 -1.7 180) (layer F.SilkS)
      (effects (font (size 1 1) (thickness 0.15)))
    )
    (fp_text value 47pF (at 0 1.7 180) (layer F.Fab)
      (effects (font (size 1 1) (thickness 0.15)))
    )
    (fp_line (start -1.15 -0.6) (end 1.15 -0.6) (layer F.CrtYd) (width 0.05))
    (fp_line (start -1.15 0.6) (end 1.15 0.6) (layer F.CrtYd) (width 0.05))
    (fp_line (start -1.15 -0.6) (end -1.15 0.6) (layer F.CrtYd) (width 0.05))
    (fp_line (start 1.15 -0.6) (end 1.15 0.6) (layer F.CrtYd) (width 0.05))
    (fp_line (start 0.25 -0.475) (end -0.25 -0.475) (layer F.SilkS) (width 0.15))
    (fp_line (start -0.25 0.475) (end 0.25 0.475) (layer F.SilkS) (width 0.15))
    (pad 1 smd rect (at -0.55 0 180) (size 0.6 0.5) (layers F.Cu F.Paste F.Mask)
      (net 18 "Net-(C18-Pad1)"))
    (pad 2 smd rect (at 0.55 0 180) (size 0.6 0.5) (layers F.Cu F.Paste F.Mask)
      (net 16 "Net-(C16-Pad1)"))
    (model Capacitors_SMD.3dshapes/C_0402.wrl
      (at (xyz 0 0 0))
      (scale (xyz 1 1 1))
      (rotate (xyz 0 0 0))
    )
  )

  (module Capacitors_SMD:C_0402 (layer F.Cu) (tedit 5415D599) (tstamp 57D92C1C)
    (at 167.3 71.7 90)
    (descr "Capacitor SMD 0402, reflow soldering, AVX (see smccp.pdf)")
    (tags "capacitor 0402")
    (path /57D9B074)
    (attr smd)
    (fp_text reference C19 (at 0 -1.7 90) (layer F.SilkS)
      (effects (font (size 1 1) (thickness 0.15)))
    )
    (fp_text value 33pF (at 0 1.7 90) (layer F.Fab)
      (effects (font (size 1 1) (thickness 0.15)))
    )
    (fp_line (start -1.15 -0.6) (end 1.15 -0.6) (layer F.CrtYd) (width 0.05))
    (fp_line (start -1.15 0.6) (end 1.15 0.6) (layer F.CrtYd) (width 0.05))
    (fp_line (start -1.15 -0.6) (end -1.15 0.6) (layer F.CrtYd) (width 0.05))
    (fp_line (start 1.15 -0.6) (end 1.15 0.6) (layer F.CrtYd) (width 0.05))
    (fp_line (start 0.25 -0.475) (end -0.25 -0.475) (layer F.SilkS) (width 0.15))
    (fp_line (start -0.25 0.475) (end 0.25 0.475) (layer F.SilkS) (width 0.15))
    (pad 1 smd rect (at -0.55 0 90) (size 0.6 0.5) (layers F.Cu F.Paste F.Mask)
      (net 17 /SX_RFO))
    (pad 2 smd rect (at 0.55 0 90) (size 0.6 0.5) (layers F.Cu F.Paste F.Mask)
      (net 19 "Net-(C19-Pad2)"))
    (model Capacitors_SMD.3dshapes/C_0402.wrl
      (at (xyz 0 0 0))
      (scale (xyz 1 1 1))
      (rotate (xyz 0 0 0))
    )
  )

  (module Capacitors_SMD:C_0402 (layer B.Cu) (tedit 5415D599) (tstamp 57D92C22)
    (at 189.3 78.1)
    (descr "Capacitor SMD 0402, reflow soldering, AVX (see smccp.pdf)")
    (tags "capacitor 0402")
    (path /57DBB96A)
    (attr smd)
    (fp_text reference C20 (at 0 1.7) (layer B.SilkS)
      (effects (font (size 1 1) (thickness 0.15)) (justify mirror))
    )
    (fp_text value 1n (at 0 -1.7) (layer B.Fab)
      (effects (font (size 1 1) (thickness 0.15)) (justify mirror))
    )
    (fp_line (start -1.15 0.6) (end 1.15 0.6) (layer B.CrtYd) (width 0.05))
    (fp_line (start -1.15 -0.6) (end 1.15 -0.6) (layer B.CrtYd) (width 0.05))
    (fp_line (start -1.15 0.6) (end -1.15 -0.6) (layer B.CrtYd) (width 0.05))
    (fp_line (start 1.15 0.6) (end 1.15 -0.6) (layer B.CrtYd) (width 0.05))
    (fp_line (start 0.25 0.475) (end -0.25 0.475) (layer B.SilkS) (width 0.15))
    (fp_line (start -0.25 -0.475) (end 0.25 -0.475) (layer B.SilkS) (width 0.15))
    (pad 1 smd rect (at -0.55 0) (size 0.6 0.5) (layers B.Cu B.Paste B.Mask)
      (net 4 VCC))
    (pad 2 smd rect (at 0.55 0) (size 0.6 0.5) (layers B.Cu B.Paste B.Mask)
      (net 2 GND))
    (model Capacitors_SMD.3dshapes/C_0402.wrl
      (at (xyz 0 0 0))
      (scale (xyz 1 1 1))
      (rotate (xyz 0 0 0))
    )
  )

  (module Capacitors_SMD:C_0402 (layer B.Cu) (tedit 5415D599) (tstamp 57D92C28)
    (at 190.64 73.39 90)
    (descr "Capacitor SMD 0402, reflow soldering, AVX (see smccp.pdf)")
    (tags "capacitor 0402")
    (path /57DBC235)
    (attr smd)
    (fp_text reference C21 (at 0 1.7 90) (layer B.SilkS)
      (effects (font (size 1 1) (thickness 0.15)) (justify mirror))
    )
    (fp_text value 1n (at 0 -1.7 90) (layer B.Fab)
      (effects (font (size 1 1) (thickness 0.15)) (justify mirror))
    )
    (fp_line (start -1.15 0.6) (end 1.15 0.6) (layer B.CrtYd) (width 0.05))
    (fp_line (start -1.15 -0.6) (end 1.15 -0.6) (layer B.CrtYd) (width 0.05))
    (fp_line (start -1.15 0.6) (end -1.15 -0.6) (layer B.CrtYd) (width 0.05))
    (fp_line (start 1.15 0.6) (end 1.15 -0.6) (layer B.CrtYd) (width 0.05))
    (fp_line (start 0.25 0.475) (end -0.25 0.475) (layer B.SilkS) (width 0.15))
    (fp_line (start -0.25 -0.475) (end 0.25 -0.475) (layer B.SilkS) (width 0.15))
    (pad 1 smd rect (at -0.55 0 90) (size 0.6 0.5) (layers B.Cu B.Paste B.Mask)
      (net 20 "Net-(C21-Pad1)"))
    (pad 2 smd rect (at 0.55 0 90) (size 0.6 0.5) (layers B.Cu B.Paste B.Mask)
      (net 2 GND))
    (model Capacitors_SMD.3dshapes/C_0402.wrl
      (at (xyz 0 0 0))
      (scale (xyz 1 1 1))
      (rotate (xyz 0 0 0))
    )
  )

  (module Capacitors_SMD:C_0402 (layer F.Cu) (tedit 5415D599) (tstamp 57D92C2E)
    (at 165.9 77.5 180)
    (descr "Capacitor SMD 0402, reflow soldering, AVX (see smccp.pdf)")
    (tags "capacitor 0402")
    (path /57D935D0)
    (attr smd)
    (fp_text reference C22 (at 0 -1.7 180) (layer F.SilkS)
      (effects (font (size 1 1) (thickness 0.15)))
    )
    (fp_text value 47pF (at 0 1.7 180) (layer F.Fab)
      (effects (font (size 1 1) (thickness 0.15)))
    )
    (fp_line (start -1.15 -0.6) (end 1.15 -0.6) (layer F.CrtYd) (width 0.05))
    (fp_line (start -1.15 0.6) (end 1.15 0.6) (layer F.CrtYd) (width 0.05))
    (fp_line (start -1.15 -0.6) (end -1.15 0.6) (layer F.CrtYd) (width 0.05))
    (fp_line (start 1.15 -0.6) (end 1.15 0.6) (layer F.CrtYd) (width 0.05))
    (fp_line (start 0.25 -0.475) (end -0.25 -0.475) (layer F.SilkS) (width 0.15))
    (fp_line (start -0.25 0.475) (end 0.25 0.475) (layer F.SilkS) (width 0.15))
    (pad 1 smd rect (at -0.55 0 180) (size 0.6 0.5) (layers F.Cu F.Paste F.Mask)
      (net 21 "Net-(C22-Pad1)"))
    (pad 2 smd rect (at 0.55 0 180) (size 0.6 0.5) (layers F.Cu F.Paste F.Mask)
      (net 22 "Net-(C22-Pad2)"))
    (model Capacitors_SMD.3dshapes/C_0402.wrl
      (at (xyz 0 0 0))
      (scale (xyz 1 1 1))
      (rotate (xyz 0 0 0))
    )
  )

  (module Capacitors_SMD:C_0402 (layer F.Cu) (tedit 5415D599) (tstamp 57D92C34)
    (at 170.5 71.7 270)
    (descr "Capacitor SMD 0402, reflow soldering, AVX (see smccp.pdf)")
    (tags "capacitor 0402")
    (path /57D9C034)
    (attr smd)
    (fp_text reference C23 (at 0 -1.7 270) (layer F.SilkS)
      (effects (font (size 1 1) (thickness 0.15)))
    )
    (fp_text value 4.7pF (at 0 1.7 270) (layer F.Fab)
      (effects (font (size 1 1) (thickness 0.15)))
    )
    (fp_line (start -1.15 -0.6) (end 1.15 -0.6) (layer F.CrtYd) (width 0.05))
    (fp_line (start -1.15 0.6) (end 1.15 0.6) (layer F.CrtYd) (width 0.05))
    (fp_line (start -1.15 -0.6) (end -1.15 0.6) (layer F.CrtYd) (width 0.05))
    (fp_line (start 1.15 -0.6) (end 1.15 0.6) (layer F.CrtYd) (width 0.05))
    (fp_line (start 0.25 -0.475) (end -0.25 -0.475) (layer F.SilkS) (width 0.15))
    (fp_line (start -0.25 0.475) (end 0.25 0.475) (layer F.SilkS) (width 0.15))
    (pad 1 smd rect (at -0.55 0 270) (size 0.6 0.5) (layers F.Cu F.Paste F.Mask)
      (net 23 "Net-(C23-Pad1)"))
    (pad 2 smd rect (at 0.55 0 270) (size 0.6 0.5) (layers F.Cu F.Paste F.Mask)
      (net 2 GND))
    (model Capacitors_SMD.3dshapes/C_0402.wrl
      (at (xyz 0 0 0))
      (scale (xyz 1 1 1))
      (rotate (xyz 0 0 0))
    )
  )

  (module Capacitors_SMD:C_0402 (layer F.Cu) (tedit 5415D599) (tstamp 57D92C3A)
    (at 172 69.7)
    (descr "Capacitor SMD 0402, reflow soldering, AVX (see smccp.pdf)")
    (tags "capacitor 0402")
    (path /57D9BC77)
    (attr smd)
    (fp_text reference C24 (at 0 -1.7) (layer F.SilkS)
      (effects (font (size 1 1) (thickness 0.15)))
    )
    (fp_text value 1.2pF (at 0 1.7) (layer F.Fab)
      (effects (font (size 1 1) (thickness 0.15)))
    )
    (fp_line (start -1.15 -0.6) (end 1.15 -0.6) (layer F.CrtYd) (width 0.05))
    (fp_line (start -1.15 0.6) (end 1.15 0.6) (layer F.CrtYd) (width 0.05))
    (fp_line (start -1.15 -0.6) (end -1.15 0.6) (layer F.CrtYd) (width 0.05))
    (fp_line (start 1.15 -0.6) (end 1.15 0.6) (layer F.CrtYd) (width 0.05))
    (fp_line (start 0.25 -0.475) (end -0.25 -0.475) (layer F.SilkS) (width 0.15))
    (fp_line (start -0.25 0.475) (end 0.25 0.475) (layer F.SilkS) (width 0.15))
    (pad 1 smd rect (at -0.55 0) (size 0.6 0.5) (layers F.Cu F.Paste F.Mask)
      (net 23 "Net-(C23-Pad1)"))
    (pad 2 smd rect (at 0.55 0) (size 0.6 0.5) (layers F.Cu F.Paste F.Mask)
      (net 24 "Net-(C24-Pad2)"))
    (model Capacitors_SMD.3dshapes/C_0402.wrl
      (at (xyz 0 0 0))
      (scale (xyz 1 1 1))
      (rotate (xyz 0 0 0))
    )
  )

  (module Capacitors_SMD:C_0402 (layer F.Cu) (tedit 5415D599) (tstamp 57D92C40)
    (at 173.6 71.7 270)
    (descr "Capacitor SMD 0402, reflow soldering, AVX (see smccp.pdf)")
    (tags "capacitor 0402")
    (path /57D9C3A8)
    (attr smd)
    (fp_text reference C25 (at 0 -1.7 270) (layer F.SilkS)
      (effects (font (size 1 1) (thickness 0.15)))
    )
    (fp_text value 1.8pF (at 0 1.7 270) (layer F.Fab)
      (effects (font (size 1 1) (thickness 0.15)))
    )
    (fp_line (start -1.15 -0.6) (end 1.15 -0.6) (layer F.CrtYd) (width 0.05))
    (fp_line (start -1.15 0.6) (end 1.15 0.6) (layer F.CrtYd) (width 0.05))
    (fp_line (start -1.15 -0.6) (end -1.15 0.6) (layer F.CrtYd) (width 0.05))
    (fp_line (start 1.15 -0.6) (end 1.15 0.6) (layer F.CrtYd) (width 0.05))
    (fp_line (start 0.25 -0.475) (end -0.25 -0.475) (layer F.SilkS) (width 0.15))
    (fp_line (start -0.25 0.475) (end 0.25 0.475) (layer F.SilkS) (width 0.15))
    (pad 1 smd rect (at -0.55 0 270) (size 0.6 0.5) (layers F.Cu F.Paste F.Mask)
      (net 24 "Net-(C24-Pad2)"))
    (pad 2 smd rect (at 0.55 0 270) (size 0.6 0.5) (layers F.Cu F.Paste F.Mask)
      (net 2 GND))
    (model Capacitors_SMD.3dshapes/C_0402.wrl
      (at (xyz 0 0 0))
      (scale (xyz 1 1 1))
      (rotate (xyz 0 0 0))
    )
  )

  (module Capacitors_SMD:C_0402 (layer F.Cu) (tedit 5415D599) (tstamp 57D92C46)
    (at 175.2 71)
    (descr "Capacitor SMD 0402, reflow soldering, AVX (see smccp.pdf)")
    (tags "capacitor 0402")
    (path /57D9E81F)
    (attr smd)
    (fp_text reference C26 (at 0 -1.7) (layer F.SilkS)
      (effects (font (size 1 1) (thickness 0.15)))
    )
    (fp_text value DNP (at 0 1.7) (layer F.Fab)
      (effects (font (size 1 1) (thickness 0.15)))
    )
    (fp_line (start -1.15 -0.6) (end 1.15 -0.6) (layer F.CrtYd) (width 0.05))
    (fp_line (start -1.15 0.6) (end 1.15 0.6) (layer F.CrtYd) (width 0.05))
    (fp_line (start -1.15 -0.6) (end -1.15 0.6) (layer F.CrtYd) (width 0.05))
    (fp_line (start 1.15 -0.6) (end 1.15 0.6) (layer F.CrtYd) (width 0.05))
    (fp_line (start 0.25 -0.475) (end -0.25 -0.475) (layer F.SilkS) (width 0.15))
    (fp_line (start -0.25 0.475) (end 0.25 0.475) (layer F.SilkS) (width 0.15))
    (pad 1 smd rect (at -0.55 0) (size 0.6 0.5) (layers F.Cu F.Paste F.Mask)
      (net 24 "Net-(C24-Pad2)"))
    (pad 2 smd rect (at 0.55 0) (size 0.6 0.5) (layers F.Cu F.Paste F.Mask)
      (net 25 "Net-(C26-Pad2)"))
    (model Capacitors_SMD.3dshapes/C_0402.wrl
      (at (xyz 0 0 0))
      (scale (xyz 1 1 1))
      (rotate (xyz 0 0 0))
    )
  )

  (module Capacitors_SMD:C_0402 (layer F.Cu) (tedit 5415D599) (tstamp 57D92C4C)
    (at 176.5 71.7 270)
    (descr "Capacitor SMD 0402, reflow soldering, AVX (see smccp.pdf)")
    (tags "capacitor 0402")
    (path /57D9E5E2)
    (attr smd)
    (fp_text reference C27 (at 0 -1.7 270) (layer F.SilkS)
      (effects (font (size 1 1) (thickness 0.15)))
    )
    (fp_text value DNP (at 0 1.7 270) (layer F.Fab)
      (effects (font (size 1 1) (thickness 0.15)))
    )
    (fp_line (start -1.15 -0.6) (end 1.15 -0.6) (layer F.CrtYd) (width 0.05))
    (fp_line (start -1.15 0.6) (end 1.15 0.6) (layer F.CrtYd) (width 0.05))
    (fp_line (start -1.15 -0.6) (end -1.15 0.6) (layer F.CrtYd) (width 0.05))
    (fp_line (start 1.15 -0.6) (end 1.15 0.6) (layer F.CrtYd) (width 0.05))
    (fp_line (start 0.25 -0.475) (end -0.25 -0.475) (layer F.SilkS) (width 0.15))
    (fp_line (start -0.25 0.475) (end 0.25 0.475) (layer F.SilkS) (width 0.15))
    (pad 1 smd rect (at -0.55 0 270) (size 0.6 0.5) (layers F.Cu F.Paste F.Mask)
      (net 25 "Net-(C26-Pad2)"))
    (pad 2 smd rect (at 0.55 0 270) (size 0.6 0.5) (layers F.Cu F.Paste F.Mask)
      (net 2 GND))
    (model Capacitors_SMD.3dshapes/C_0402.wrl
      (at (xyz 0 0 0))
      (scale (xyz 1 1 1))
      (rotate (xyz 0 0 0))
    )
  )

  (module Capacitors_SMD:C_0402 (layer B.Cu) (tedit 5415D599) (tstamp 57D92C52)
